50
1052769 1957139
1078083 1965173
213 333
1624322 1624322
432 690
1057705 1210618
1016698 1933456
2474 7424
3 4
1000 9999
399 696
1702513 1823731
1062607 1973828
1080354 1999185
4597 5200
1050153 1953738
1035241 1981557
1121315 1835686
32933 48306
33525 92703
1049176 1991063
1 2
10000 10000
418186 623258
1027778 1964542
1070901 1980787
425425 561463
33280 65626
1034332 1936145
1000 9999
39502 49641
83 90
144144 144144
3098 5713
241647 341858
1056646 1973353
49 60
1060941 1925985
40797 59810
1546566 1849087
1078661 1343536
152474 695321
1063910 1983262
1425798 1486954
1003597 1163234
451926 638776
1086150 1976436
1670 7526
1079918 1930510
575262 582708