100
6 2 8 29 20 8 18 18 21
16 4 3 5 5 5 5 3 6 5 7 20 23 6 5 5 6 25 6
100 0 9 5 14 24 0 13 2 26 18 15 13 17 28 13 1 7 23 21 8 25 20 17 26 28 24 25 22 5 24 23 2 21 28 14 16 25 0 6 12 2 3 0 21 18 18 7 20 14 23 4 14 10 18 18 2 23 23 20 24 3 4 2 28 25 6 8 29 16 7 28 17 28 6 3 6 13 23 23 19 28 16 26 9 19 5 25 7 24 22 8 20 7 8 17 23 21 0 0 26 15 28
61 0 7 7 17 9 20 17 12 16 19 22 15 9 6 7 25 0 8 17 16 17 27 11 11 9 18 5 25 13 29 6 3 30 15 28 26 28 2 26 24 20 4 29 28 4 7 20 25 21 28 11 10 14 15 4 9 28 20 29 29 3 5 12
27 9 9 12 5 13 30 9 23 23 24 23 10 23 2 24 23 18 26 23 24 24 23 28 24 23 11 17 24 24
27 10 6 19 0 25 21 4 15 14 15 15 13 14 28 15 14 14 10 4 22 29 9 14 14 15 5 14 29 10
98 98 1 5 11 21 23 19 4 8 15 27 6 12 15 12 9 26 16 3 9 13 21 22 9 19 25 22 7 9 20 16 17 25 10 7 13 21 23 3 22 14 21 27 16 5 27 17 27 20 10 26 9 3 21 3 5 10 10 2 10 2 23 22 13 28 26 19 21 4 16 17 27 24 9 21 15 16 11 21 21 3 18 17 5 16 13 3 7 15 2 9 13 19 3 20 18 7 17 10 19
56 3 7 26 20 3 18 28 18 0 13 0 17 1 25 0 14 4 13 13 10 25 17 21 27 24 3 24 28 12 26 29 6 11 24 4 10 11 5 24 30 25 22 10 14 17 27 0 30 21 7 6 4 8 7 29 1 19 11
84 74 6 18 30 14 7 18 4 21 14 19 12 22 4 25 10 8 24 2 0 17 15 9 28 23 17 21 25 14 19 24 30 0 18 22 7 10 9 30 22 7 26 7 5 11 22 24 19 14 10 0 3 14 28 24 24 18 12 25 8 26 7 10 20 29 23 29 8 2 10 23 22 29 0 3 2 7 8 10 2 6 27 21 17 14 26
5 5 0 24 10 6 10 18
93 79 1 22 14 11 25 23 0 6 28 21 0 9 10 9 23 10 5 14 3 25 19 25 6 16 12 12 16 18 0 17 15 25 24 10 10 28 21 4 18 8 8 30 29 29 12 19 13 4 0 26 16 15 6 22 13 13 11 30 4 27 24 24 6 14 1 0 14 17 19 21 16 14 21 30 18 7 19 15 11 23 15 24 26 20 22 6 23 15 14 19 26 0 21 22
68 20 7 19 18 7 6 18 16 29 4 17 22 11 27 28 25 24 17 18 16 14 17 18 17 18 22 12 14 26 6 28 17 6 9 13 8 17 20 17 4 17 20 18 0 0 14 18 18 11 18 27 30 24 18 27 23 18 17 18 17 1 15 18 28 7 18 8 17 9 17
76 0 4 17 28 0 1 5 3 27 11 15 26 16 18 21 29 4 9 11 19 9 26 5 5 4 4 13 19 23 0 1 12 10 1 6 12 6 26 0 26 8 18 19 20 0 4 25 27 18 13 26 7 5 12 11 10 30 15 2 24 25 24 25 16 2 28 18 19 29 30 15 0 30 20 26 0 6 5
92 12 5 0 11 18 28 11 12 11 11 10 11 2 12 20 12 3 26 11 12 3 5 8 24 5 12 24 12 11 12 11 11 11 11 12 11 12 11 9 11 12 15 11 12 12 12 19 12 13 15 5 2 25 11 20 7 11 28 16 26 11 29 12 26 11 0 10 4 14 12 2 11 2 16 4 11 11 6 15 12 12 6 17 11 11 22 10 24 12 19 30 12 24 11
12 1 10 7 13 20 20 16 27 1 10 27 27 27 7
87 58 7 29 21 29 0 2 5 2 12 3 3 9 0 5 30 1 23 30 13 15 1 24 30 19 14 25 6 24 15 6 3 11 27 18 28 10 13 20 24 22 2 16 17 1 25 17 16 10 10 3 9 20 10 4 3 14 25 15 17 27 24 5 28 7 12 21 3 2 7 12 11 19 20 25 8 6 29 28 1 28 0 16 4 7 9 21 21 11
6 1 4 11 29 22 17 5 14
68 0 6 1 28 16 26 15 12 12 3 16 16 17 2 26 10 28 14 0 0 2 23 3 8 4 10 4 0 5 10 16 11 15 2 25 3 25 9 27 17 26 4 8 7 1 3 28 14 26 19 14 30 0 18 25 5 17 0 24 28 27 17 15 19 2 10 10 29 26 28
87 24 2 27 27 11 6 19 7 4 28 1 12 17 10 27 12 9 9 12 16 30 0 25 14 23 11 9 18 16 9 7 16 28 16 21 14 21 9 27 29 13 13 9 20 4 1 12 14 21 16 1 28 0 26 9 30 24 19 9 13 5 18 18 12 13 25 15 25 15 29 30 19 5 17 10 27 18 20 7 5 16 11 4 17 20 19 24 10 24
84 10 4 9 9 9 9 8 10 9 17 1 16 25 9 9 8 9 8 9 20 9 30 21 9 16 26 8 8 8 14 15 8 10 11 9 8 8 9 10 13 8 22 8 6 8 8 6 9 8 20 20 8 26 23 8 8 6 15 5 27 9 28 11 8 12 4 13 0 9 8 8 8 21 8 13 22 9 8 14 8 8 3 9 9 9 2
53 8 6 14 8 9 14 14 15 15 4 18 25 14 2 3 15 14 2 22 11 15 14 14 14 2 15 22 0 14 5 14 23 0 15 15 14 14 15 15 19 28 15 17 16 16 14 15 14 14 15 0 15 30 23 15
42 13 5 2 12 24 11 11 12 29 13 11 9 0 12 11 20 22 6 29 7 1 12 12 15 2 11 11 4 12 13 12 15 27 11 9 11 12 11 11 11 11 16 11 4
58 0 3 24 2 0 5 14 8 15 6 20 11 8 11 28 1 22 16 0 18 4 26 20 6 5 25 11 11 25 19 18 7 3 18 9 14 18 29 21 8 16 1 13 8 14 22 15 13 13 16 15 12 10 29 22 0 21 23 28 26
18 0 3 4 13 9 17 29 21 15 5 12 19 5 28 3 19 22 20 0 10
98 98 2 15 11 15 10 16 22 21 10 17 4 28 16 23 28 8 20 8 13 24 27 22 17 11 18 3 27 28 10 15 25 11 18 16 2 21 28 13 3 22 4 28 2 8 21 20 22 12 14 25 18 22 4 26 16 7 3 4 25 11 21 4 12 23 15 19 10 23 4 18 21 11 25 22 27 13 12 5 13 14 23 26 18 2 4 10 18 27 16 2 5 24 7 4 13 17 6 15 28
43 29 3 24 18 25 9 2 11 27 9 9 7 14 20 13 25 19 24 21 4 12 27 11 7 17 15 17 21 13 18 28 18 20 1 16 4 24 7 0 26 23 27 19 10 18
78 34 4 1 30 14 16 18 26 28 5 24 9 19 17 6 28 4 26 17 3 15 27 10 25 29 27 5 22 28 6 9 22 26 26 21 4 22 14 1 6 22 4 4 7 26 9 29 24 30 9 24 14 14 27 24 4 18 28 9 21 21 25 1 23 8 28 21 23 19 13 10 0 7 6 3 2 25 1 16 0
40 0 9 27 3 21 8 30 7 30 24 15 2 13 26 13 18 17 21 0 13 21 22 4 21 22 22 4 12 23 11 6 13 28 22 23 1 28 17 10 3 3 17
23 3 3 15 11 24 18 15 4 19 9 16 23 25 19 9 22 1 14 21 14 20 25 23 25 4
42 42 8 4 18 7 18 9 28 17 6 28 23 25 7 7 20 28 28 6 10 17 2 18 5 8 21 23 17 15 13 11 21 28 17 13 19 14 25 25 18 16 26 24 15
68 68 7 17 23 2 9 13 14 11 17 3 19 8 21 25 4 21 14 14 11 6 9 21 6 5 26 23 8 2 8 3 9 21 4 16 2 7 25 23 2 23 5 27 22 17 8 4 2 25 9 25 24 13 25 15 24 22 27 20 24 8 26 16 17 11 24 20 7 12 3
38 9 10 12 27 17 16 29 2 3 27 17 2 29 18 2 13 7 29 9 11 28 0 7 30 17 9 10 6 4 30 2 26 8 5 27 29 15 5 2 17
97 42 3 17 26 22 20 9 3 17 11 25 20 10 23 1 29 0 18 1 28 12 20 4 13 7 16 18 30 19 1 29 18 25 19 30 16 0 4 6 2 28 16 13 0 6 23 18 23 6 0 15 26 7 4 14 27 29 4 29 16 22 19 2 7 28 8 23 13 4 2 15 7 18 11 16 13 17 29 2 11 2 19 4 16 10 27 7 29 27 8 21 8 12 12 8 3 18 22 7
42 21 6 10 30 28 26 30 5 20 15 21 21 8 18 27 24 5 29 18 24 27 23 19 12 19 22 11 18 24 0 7 19 19 12 11 10 27 9 9 3 9 18 12 19
34 7 10 27 26 15 21 27 28 28 1 27 22 26 26 3 24 26 27 9 29 27 26 21 26 26 26 26 26 26 1 27 26 27 26 8 26
4 0 5 7 21 10 3
59 25 0 30 2 9 18 2 10 5 22 3 0 5 22 15 14 27 23 19 7 3 12 15 14 8 20 18 24 21 7 6 0 4 17 14 3 14 9 30 12 3 9 19 24 7 24 25 14 29 5 30 27 5 16 29 4 4 12 28 13 24
8 0 0 30 30 30 30 30 30 30 30
20 0 8 23 27 17 2 15 24 20 6 29 13 1 16 15 19 4 4 0 29 7 24
89 0 4 10 7 20 30 23 30 8 9 14 28 2 26 17 8 18 12 15 26 2 23 27 19 6 17 14 24 13 22 3 14 27 16 6 23 7 18 6 9 21 1 10 0 23 18 23 23 22 4 3 30 27 29 26 25 22 14 1 25 16 20 5 0 29 1 25 12 18 11 28 16 26 29 30 1 13 7 21 2 25 26 0 17 1 26 24 25 16 26 21
19 8 9 10 12 15 29 4 28 20 6 22 8 0 9 16 19 29 3 17 11 18
11 0 8 15 24 29 25 7 28 5 6 0 18 5
35 23 6 11 22 9 27 15 9 22 4 22 6 4 11 22 0 3 18 14 20 8 18 13 25 17 16 11 22 6 5 27 23 9 5 20 27 18
77 26 7 17 18 17 30 1 23 29 18 17 23 17 18 17 7 18 17 17 17 17 17 17 17 3 18 24 27 29 17 5 18 9 23 18 29 17 18 17 17 10 13 17 13 17 17 11 6 13 13 17 0 18 23 18 18 7 14 9 17 18 2 17 18 17 24 3 17 4 17 10 18 1 17 10 18 17 30 17
28 2 3 18 24 25 20 20 15 3 22 8 23 10 3 10 26 27 30 10 19 23 6 0 25 17 30 25 9 2 26
74 33 9 24 27 3 24 21 23 15 25 24 18 21 24 23 26 24 17 2 23 24 24 21 7 1 23 3 15 24 24 8 29 27 24 23 23 22 23 5 23 24 23 24 24 24 1 23 26 24 10 23 23 24 24 23 8 23 22 23 3 15 23 7 30 18 10 21 24 23 2 24 23 23 13 28 23
49 21 7 11 17 17 13 10 28 23 18 18 17 18 21 28 18 17 24 17 3 8 17 5 1 6 7 18 18 17 21 27 18 17 1 26 17 15 17 17 17 13 18 3 15 17 6 3 18 17 30 22
72 72 7 26 27 5 28 28 20 22 16 22 23 10 13 18 2 10 15 23 16 26 7 24 11 21 28 13 21 3 20 24 15 2 19 5 10 15 17 2 14 9 27 20 5 11 13 16 2 22 8 13 8 4 28 2 22 23 21 14 14 24 16 25 18 5 10 27 3 28 3 8 28 12 13
70 69 1 2 23 26 10 25 14 24 28 0 26 26 2 14 14 11 13 25 2 9 22 4 16 23 13 4 6 17 25 12 5 5 16 13 13 3 7 5 22 25 3 4 26 9 15 11 10 13 26 5 23 25 16 2 27 18 25 16 6 3 26 17 13 11 20 20 10 17 3 17 28
84 3 7 18 17 18 25 17 18 27 17 9 17 30 18 0 18 23 17 17 18 18 18 13 24 14 26 21 18 18 17 15 6 17 18 18 6 17 22 17 17 20 18 28 29 18 17 8 27 18 18 15 18 17 17 7 13 18 24 8 18 22 17 14 18 17 15 17 5 17 8 18 10 17 30 17 21 27 2 10 1 27 17 18 2 17 13
100 68 7 20 0 8 26 25 7 13 21 23 13 25 2 2 29 27 19 24 0 18 27 5 3 26 26 21 13 6 16 29 26 9 7 1 24 11 21 14 19 16 24 22 16 22 10 16 2 4 23 22 4 27 7 14 25 6 2 22 24 14 7 24 10 13 3 5 11 24 11 5 11 9 3 6 11 12 25 28 12 4 3 22 29 18 1 13 1 21 22 18 29 25 13 4 1 12 27 20 14 2 7
34 16 6 15 7 14 15 15 3 14 24 15 12 15 14 0 15 14 15 14 26 22 16 28 14 15 23 18 14 11 15 16 21 15 16 20 15
29 8 4 8 26 8 5 8 30 27 27 9 30 8 8 9 4 9 24 8 26 8 8 11 9 7 14 8 9 8 24 0
68 55 5 6 15 16 1 8 12 6 8 6 3 21 15 5 1 27 16 1 13 27 15 25 16 24 30 4 19 16 10 26 19 4 2 19 21 20 11 25 3 22 19 18 16 7 1 14 12 11 20 0 29 9 7 15 5 28 11 20 18 21 10 7 15 24 4 22 30 17 9
84 9 7 18 18 28 17 10 3 7 18 17 17 15 18 11 17 17 19 10 0 14 17 12 27 17 17 0 17 23 17 18 18 18 16 17 17 17 24 18 29 18 28 17 18 17 13 27 15 18 17 17 18 13 18 22 17 6 14 17 27 17 17 17 18 17 17 8 22 17 18 18 17 28 18 4 17 6 17 23 29 3 18 19 28 17 17
92 6 6 27 20 21 24 20 10 9 24 12 24 21 6 30 8 20 13 21 3 5 16 16 6 21 11 28 12 14 19 20 1 14 9 27 8 29 27 4 19 28 16 14 4 25 2 27 13 3 19 28 29 13 15 9 5 14 25 5 17 11 17 15 22 7 25 9 30 21 25 15 5 2 18 2 4 9 20 17 5 0 10 18 20 4 22 0 7 7 18 25 15 25 27
76 9 7 5 17 17 8 17 17 29 18 2 13 10 17 8 18 18 16 18 18 2 9 30 17 18 5 15 18 1 18 18 27 18 27 19 18 18 17 18 26 17 20 17 17 17 17 7 18 16 22 5 28 27 28 4 21 23 13 17 18 20 17 18 8 18 18 29 17 17 28 17 23 18 21 21 17 17 6
68 42 8 13 15 2 29 21 25 11 27 15 17 4 6 19 7 14 15 22 25 24 11 27 9 25 24 16 27 14 15 15 2 27 16 17 6 21 19 19 13 12 22 3 14 20 7 10 23 11 5 11 4 30 12 15 14 6 13 17 3 10 24 29 27 24 11 29 0 1 25
66 66 1 27 24 28 13 23 12 11 8 3 13 6 6 9 9 12 18 14 14 8 17 3 16 5 17 3 5 21 19 6 15 27 22 19 9 24 28 15 26 19 27 27 5 7 25 17 15 28 5 14 22 19 18 26 13 25 27 2 8 21 12 11 19 21 27 16 3
59 43 0 9 28 22 18 29 12 7 24 22 24 4 26 8 19 17 25 10 2 25 2 13 22 14 13 20 9 13 16 19 0 29 14 21 16 0 30 7 16 11 16 10 3 2 10 3 22 24 8 28 19 30 27 1 0 27 2 30 6 29
71 0 5 6 17 20 4 3 7 21 17 0 27 5 23 26 13 16 9 29 19 23 21 0 19 14 5 30 2 18 26 8 16 17 10 25 22 24 8 20 20 17 29 23 15 6 19 23 17 25 19 25 23 21 6 8 14 26 2 7 19 14 9 5 8 28 4 15 8 0 20 2 27 8
24 2 8 21 24 21 20 21 29 16 16 1 21 15 21 18 19 20 26 21 21 2 21 20 12 20 21
5 1 0 18 20 19 27 7
74 0 8 0 23 27 29 30 29 25 12 29 8 0 27 1 19 12 25 24 10 12 23 17 4 3 2 0 26 27 11 6 14 4 23 27 5 9 22 20 22 0 15 4 27 7 22 24 24 22 28 20 28 18 1 27 7 21 2 4 21 13 5 7 26 15 30 23 6 14 24 13 6 5 11 14 29
43 0 3 18 14 16 11 14 4 24 8 7 18 11 0 10 4 23 12 7 30 13 2 26 23 11 30 1 7 2 8 19 28 16 16 3 15 15 29 22 7 4 13 6 5 3
35 26 10 6 11 28 28 22 23 24 9 8 18 15 0 26 28 12 12 29 14 14 26 20 28 2 21 7 12 0 9 26 25 14 30 13 22 9
1 0 10 30
62 25 7 14 23 6 22 27 16 28 22 6 20 23 12 3 19 0 17 18 23 28 23 21 25 21 14 3 18 24 1 10 5 3 21 30 9 17 13 9 8 20 28 4 16 12 16 21 28 6 25 15 15 16 9 0 24 10 3 21 24 6 13 17 18
5 0 5 6 4 5 10 19
86 23 2 27 21 13 0 14 18 4 30 13 12 9 23 18 16 8 25 27 19 14 6 21 16 3 6 17 3 6 15 24 1 11 22 22 11 7 23 16 13 10 21 8 18 3 3 18 14 29 22 20 1 2 16 23 13 20 28 15 21 26 10 26 21 3 1 7 5 26 13 5 21 3 13 10 26 6 14 6 8 2 2 7 1 18 5 23 20
94 60 6 12 24 11 4 14 18 30 0 30 22 3 21 14 2 6 14 27 8 29 30 8 27 8 5 3 3 4 9 18 21 24 22 2 2 21 15 10 27 16 30 30 30 16 1 0 3 0 3 10 25 12 5 11 19 16 16 7 21 3 13 9 2 19 1 30 6 30 12 11 29 25 16 0 23 16 20 2 24 27 7 23 4 4 15 4 15 28 3 8 5 21 1 19 21
87 0 8 22 3 27 9 20 29 28 20 29 30 1 6 8 12 10 28 2 20 4 17 4 11 20 7 9 3 5 9 22 18 9 3 10 18 28 21 12 4 21 20 19 6 13 5 15 3 14 18 1 25 19 17 3 24 19 20 8 22 17 4 5 0 6 14 14 27 9 16 11 23 12 11 9 6 10 17 18 20 25 25 24 4 6 26 12 10 10
62 27 10 27 26 27 0 27 27 11 23 3 27 30 28 30 27 24 27 26 27 15 6 12 27 27 28 27 27 27 17 22 27 27 26 0 12 26 15 19 16 15 19 27 27 26 20 26 5 0 26 26 26 26 26 26 27 26 20 26 27 6 26 11 27
28 17 0 24 18 29 7 19 24 7 24 19 28 14 10 29 12 27 28 17 0 13 28 30 3 11 24 11 8 18 26
82 54 2 9 21 13 29 29 20 27 22 15 18 18 16 5 3 6 17 17 14 24 0 3 13 19 1 8 29 15 5 10 17 22 6 7 8 7 24 8 16 28 14 30 3 29 10 20 8 4 25 29 6 23 1 13 13 1 23 30 24 14 22 13 6 18 10 15 0 2 23 19 28 15 27 13 2 18 15 27 5 27 12 21 20
48 1 4 14 10 1 18 23 9 8 11 9 23 4 8 0 1 1 27 3 10 30 27 28 12 18 3 0 11 25 4 9 27 17 6 2 18 17 25 7 30 26 14 17 1 3 3 19 21 14 12
11 7 6 3 14 14 15 15 14 3 15 14 14 2
51 35 9 16 8 20 30 0 16 5 27 16 7 0 18 4 9 10 30 29 26 18 30 20 8 25 4 18 8 6 10 30 29 20 24 20 10 0 11 11 6 17 23 8 5 25 26 29 2 9 5 21 14 14
72 72 0 8 13 22 9 8 21 14 18 22 21 6 5 3 16 12 5 18 17 25 21 3 17 19 27 6 19 16 6 21 2 27 25 13 18 25 3 2 2 7 9 27 2 22 10 12 22 5 17 21 14 5 15 24 27 22 19 27 6 25 22 15 21 11 20 9 5 2 2 9 4 5 21
41 0 9 24 15 20 8 3 13 3 10 6 18 24 15 20 24 22 23 24 26 23 1 24 17 24 23 23 5 13 23 23 26 24 23 1 23 23 19 16 24 24 21 24
76 28 4 8 23 1 9 8 8 9 8 8 8 9 16 8 9 8 9 9 8 9 8 0 18 8 28 23 30 9 9 8 11 9 9 8 27 22 8 5 8 9 8 9 9 4 8 15 9 9 23 8 11 8 25 9 3 8 5 8 0 9 4 16 0 14 8 9 9 8 17 8 12 8 8 9 8 13 9
51 51 0 16 13 11 2 3 24 7 25 13 27 14 18 28 9 20 26 16 14 6 25 20 11 4 14 12 14 3 18 3 21 5 11 20 10 24 16 20 2 5 8 17 19 5 24 20 12 9 13 20 27 2
73 0 5 1 20 28 4 16 13 14 1 5 14 12 29 4 25 21 7 8 16 18 18 24 26 17 27 7 16 26 16 16 1 23 28 10 20 22 20 4 11 27 14 20 10 28 29 16 21 22 20 8 9 7 26 27 6 9 0 17 21 11 19 11 2 29 8 2 13 21 24 25 17 10 10 30
75 75 4 28 21 20 22 28 9 24 3 13 23 4 24 21 28 27 15 5 6 12 14 16 12 20 8 23 24 25 4 14 4 5 28 24 19 3 26 10 14 25 22 12 17 20 12 4 10 13 18 4 18 7 23 15 27 7 10 12 5 16 3 22 13 16 15 5 10 17 28 23 24 4 4 28 2 8
63 19 3 6 23 6 5 6 6 29 6 5 16 29 6 5 3 4 5 6 2 6 6 6 6 4 5 14 6 27 30 6 6 25 5 26 0 5 2 22 17 5 5 13 6 6 6 5 22 5 6 6 5 9 5 13 5 6 5 5 3 8 6 1 6 6
45 10 6 15 15 14 15 15 15 14 14 18 20 6 20 15 26 17 14 21 11 15 14 14 23 15 20 14 14 14 15 15 14 23 8 14 14 4 22 16 30 14 8 25 14 14 14 2
82 56 5 22 26 19 21 1 12 20 4 17 20 13 19 13 25 10 23 0 4 15 15 5 8 17 1 11 18 21 26 8 4 7 9 28 24 2 14 18 24 1 8 12 26 3 1 17 20 5 21 25 17 26 21 12 23 8 25 12 20 0 6 13 15 30 2 30 26 14 15 3 16 25 3 12 27 25 9 10 2 27 16 15 0
69 35 9 17 24 0 7 2 15 11 3 24 17 3 8 18 18 29 18 16 10 6 20 22 2 1 13 28 1 24 4 9 6 18 12 7 19 17 8 2 29 19 29 17 17 10 2 3 1 20 28 10 14 23 15 0 4 17 2 29 0 15 18 9 1 0 11 13 18 26 8 4
80 1 6 15 13 5 2 14 10 5 11 21 12 17 9 10 5 30 20 8 8 30 10 25 30 21 18 7 0 13 28 13 9 20 20 26 25 21 5 21 18 28 14 0 15 2 18 7 30 23 3 29 3 29 22 7 14 23 8 0 5 11 4 23 25 6 2 21 21 17 4 5 8 16 12 15 10 0 9 23 6 13 5
17 0 6 16 21 4 20 5 4 29 21 5 21 22 28 24 3 2 11 8
52 0 0 0 0 0 0 0 0 0 0 0 0 0 0 0 0 0 0 0 0 0 0 0 0 0 0 0 0 0 0 0 0 0 0 0 0 0 0 0 0 0 0 0 0 0 0 0 0 0 0 0 0 0 0
16 8 1 8 8 29 20 0 13 30 2 6 24 23 27 14 25 1 20
69 49 1 6 16 0 12 12 4 23 9 16 30 29 10 10 10 25 0 5 15 10 20 7 3 25 24 8 13 12 0 25 3 25 12 9 2 26 5 2 27 8 11 23 25 15 17 18 0 15 17 23 12 12 4 23 10 2 21 12 6 23 15 26 24 7 0 15 27 29 23 30
66 66 9 11 22 3 28 9 28 16 2 23 12 6 27 15 26 24 25 15 4 7 13 15 8 5 16 18 3 10 6 5 17 9 28 5 4 15 24 20 17 16 7 20 8 23 23 22 16 10 12 3 2 28 18 13 8 26 24 20 18 9 9 11 4 23 13 11 26
1 1 10 23
5 0 6 18 9 14 13 27
77 21 8 18 13 14 1 11 29 30 27 5 5 15 26 3 19 30 7 2 12 20 20 27 12 14 21 4 27 9 13 22 25 8 12 6 8 30 27 12 3 11 10 29 8 17 11 8 17 20 7 17 9 20 29 22 13 22 8 29 3 9 5 20 16 0 8 12 18 9 29 17 12 25 29 7 14 22 12 29
11 0 1 6 21 18 19 10 8 10 24 24 5 26
18 0 2 7 7 6 13 10 18 18 13 25 19 15 14 1 10 12 13 5 21
74 0 1 0 0 0 0 0 0 0 0 0 0 0 0 0 0 0 0 0 0 0 0 0 0 0 0 0 0 0 0 0 0 0 0 0 0 0 0 0 0 0 0 0 0 0 0 0 0 0 0 0 0 0 0 0 0 0 0 0 0 0 0 0 0 0 0 0 0 0 0 0 0 0 0 0 0